,exposure_name
0,V16
